2
5
14
18
26
34
37
42
48
76
87
91
119
127
148
150
154
157
161
166
178
188
195
199
201
205
235
242
250
257
264
265
269
273
282
285
303
307
309
311
313
314
315
316
318
328
356
361
370
374
381
382
403
404
419
425
429
431
437
438
439
444
446
449
456
463
472
479
481
495
497
502
509
518
527
532
534
536
537
549
560
566
573
584
596
602
604
609
610
614
619
620
626
628
639
651
653
665
666
671
682
687
693
702
704
720
729
736
737
754
789
803
816
820
821
822
839
840
847
865
868
892
893
895
897
900
902
915
916
938
974
978
981
982
995
997
